result1 = 166367.76218954948
result2 = 9.895740177187587e-11
result3 = 4.8998696001945063e-5
