result1 = 59831.394981131096
result2 = 7.922475774311308e-11
result3 = 2.02588776119228e-5
